50
4
0.46 0.85 0.54 0.38
0.92 0.15 0.08 0.62
10
0.44 0.68 0.82 0.74 0.46 0.67 0.75 0.49 0.65 0.79
0.26 0.32 0.35 0.40 0.19 0.18 0.37 0.21 0.39 0.30
10
0.22 0.87 0.45 0.57 0.39 0.51 0.65 0.88 0.42 0.64
0.75 0.04 0.36 0.25 0.77 0.46 0.78 0.16 0.90 0.99
7
0.62 0.76 0.48 0.57 0.71 0.52 0.67
0.29 0.33 0.24 0.10 0.05 0.14 0.19
10
0.198 0.099 0.802 0.376 0.238 0.356 0.307 0.980 0.950 0.426
0.287 0.703 0.743 0.446 0.723 0.851 0.693 0.752 0.574 0.297
7
0.85 0.82 0.52 0.42 0.64 0.97 0.21
0.24 0.88 0.09 0.03 0.36 0.79 0.58
1
0.36
0.64
10
0.33 0.05 0.53 0.12 0.70 0.58 0.37 0.79 0.23 0.35
0.93 0.04 0.46 0.19 0.89 0.74 0.86 0.72 0.68 0.56
2
0.69 0.06
0.44 0.75
6
0.07 0.64 0.16 0.14 0.66 0.27
0.05 0.98 0.82 0.57 0.89 0.50
7
0.83 0.98 0.73 0.95 0.66 0.80 0.39
0.02 0.27 0.15 0.07 0.20 0.12 0.24
6
0.62 0.22 0.05 0.88 0.40 0.18
0.68 0.67 0.35 0.30 0.82 0.42
9
0.68 0.66 0.14 0.35 0.97 0.90 0.88 0.18 0.57
0.48 0.06 0.51 0.13 0.91 0.82 0.44 0.39 0.95
10
0.62 0.21 0.38 0.75 0.71 0.79 0.92 0.08 0.46 0.42
0.83 0.25 0.50 0.17 0.33 0.29 0.12 0.54 0.96 0.67
10
0.35 0.10 0.34 0.50 0.06 0.33 0.38 0.22 0.12 0.05
0.98 0.62 0.93 0.72 0.66 0.56 0.92 0.86 0.99 0.51
7
0.96 0.52 0.61 0.91 0.57 0.78 0.48
0.35 0.13 0.17 0.43 0.39 0.22 0.04
10
0.13 0.29 0.20 0.33 0.14 0.04 0.30 0.06 0.25 0.35
0.52 0.57 0.74 0.71 0.97 0.39 0.87 0.65 0.70 0.75
5
0.77 0.61 0.10 0.58 0.23
0.81 0.87 0.71 0.52 0.29
8
0.84 0.55 0.91 0.43 0.07 0.41 0.20 0.80
0.73 0.89 0.52 0.09 0.57 0.48 0.93 0.64
10
0.980 0.931 0.030 0.901 0.356 0.634 0.337 0.020 0.792 0.970
0.347 0.198 0.376 0.564 0.802 0.267 0.129 0.990 0.485 0.673
10
0.28 0.92 0.52 0.88 0.24 0.12 0.96 0.40 0.56 0.08
0.48 0.68 0.04 0.80 0.84 0.32 0.16 0.44 0.20 0.76
1
0.5
0.8
10
0.68 0.14 0.82 0.41 0.27 0.45 0.73 0.18 0.55 0.86
0.09 0.91 0.32 0.95 0.59 0.50 0.64 0.05 0.23 0.36
10
0.010 0.971 0.118 0.382 0.363 0.255 0.490 0.833 0.137 0.147
0.569 0.314 0.951 0.775 0.275 0.843 0.676 0.745 0.020 0.324
2
0.2 0.3
0.7 0.4
5
0.94 0.74 0.97 0.83 0.69
0.54 0.06 0.20 0.23 0.66
10
0.86 0.05 0.09 0.93 0.68 0.80 0.02 0.50 0.16 0.23
0.39 0.48 0.75 0.66 0.82 0.55 0.84 0.52 0.45 0.27
7
0.96 0.23 0.11 0.34 0.46 0.57 0.79
0.71 0.95 0.21 0.41 0.25 0.14 0.66
10
0.26 0.42 0.80 0.48 0.99 0.66 0.55 0.46 0.09 0.90
0.29 0.68 0.11 0.89 0.06 0.30 0.62 0.59 0.18 0.13
4
0.7 0.6 0.1 0.4
0.2 0.5 0.8 0.9
1
0.8
0.2
10
0.67 0.55 0.21 0.61 0.01 0.53 0.48 0.49 0.32 0.52
0.72 0.22 0.18 0.26 0.99 0.19 0.68 0.89 0.76 0.40
10
0.81 0.60 0.43 0.26 0.47 0.19 0.91 0.87 0.70 0.83
0.55 0.17 0.77 0.98 0.66 0.85 0.38 0.79 0.11 0.96
10
0.701 0.385 0.171 0.137 0.197 0.658 0.299 0.863 0.726 0.265
0.752 0.897 0.812 0.009 0.128 0.624 0.880 0.453 0.855 0.376
10
0.63 0.21 0.84 0.54 0.37 0.15 0.67 0.24 0.31 0.79
0.05 0.55 0.98 0.22 0.53 0.39 0.40 0.87 0.99 0.25
10
0.25 0.47 0.82 0.48 0.20 0.43 0.99 0.81 0.59 0.64
0.78 0.80 0.58 0.10 0.49 0.98 0.77 0.12 0.23 0.92
10
0.54 0.84 0.77 0.49 0.81 0.39 0.66 0.42 0.36 0.93
0.26 0.98 0.03 0.33 0.59 0.06 0.48 0.08 0.50 0.86
6
0.57 0.19 0.10 0.29 0.67 0.90
0.05 0.38 0.95 0.86 0.81 0.71
7
0.18 0.36 0.11 0.04 0.32 0.46 0.68
0.14 0.39 0.61 0.21 0.93 0.43 0.75
10
0.60 0.45 0.52 0.98 0.86 0.67 0.62 0.57 0.74 0.90
0.36 0.05 0.19 0.43 0.40 0.17 0.31 0.26 0.02 0.14
1
0.6
0.7
10
0.07 0.36 0.49 0.04 0.63 0.28 0.84 0.86 0.43 0.01
0.05 0.42 0.83 0.06 0.14 0.88 0.46 0.95 0.33 0.89
10
0.549 0.225 0.098 0.686 0.461 0.127 0.824 0.971 0.588 0.902
0.333 0.608 0.069 0.980 0.578 0.118 0.745 0.304 0.529 0.431
10
0.13 0.31 0.39 0.21 0.07 0.04 0.01 0.38 0.17 0.22
0.65 0.82 0.61 0.69 0.47 0.72 0.56 0.87 0.42 0.67
1
0.9
0.5
4
0.46 0.62 0.50 0.85
0.12 0.31 0.04 0.19
10
0.77 0.81 0.16 0.05 0.21 0.63 0.06 0.90 0.61 0.45
0.89 0.24 0.02 0.31 0.58 0.26 0.11 0.08 0.35 0.23
10
0.50 0.66 0.22 0.94 0.47 0.19 0.25 0.78 0.81 0.44
0.59 0.12 0.41 0.56 0.16 0.31 0.75 0.69 0.72 0.34
10
0.48 0.82 0.42 0.65 0.71 0.86 0.33 0.23 0.34 0.35
0.56 0.85 0.30 0.95 0.59 0.09 0.54 0.87 0.16 0.63
10
0.53 0.11 0.56 0.47 0.94 0.86 0.42 0.44 0.58 0.33
0.89 0.78 0.31 0.08 0.14 0.28 0.19 0.75 0.97 0.17
